# # comment:                                                     FEFF 9.9.1  
# # Source:
# # Structure
# # Reduced
# # space
# # abc:
# # angles:
# # sites:
# # POT  SCF 100  7.0000   0, screened core-hole, AFOLP (folp(0)= 1.150)
# # Abs   Z=29 Rmt= 1.212 Rnm= 1.298 K  shell
# # Pot 1 Z=64 Rmt= 1.613 Rnm= 1.702
# # Pot 2 Z=29 Rmt= 1.210 Rnm= 1.298
# # Pot 3 Z= 8 Rmt= 1.058 Rnm= 1.111
# # Gam_ch=1.729E+00 H-L exch Vi= 0.000E+00 Vr= 0.000E+00
# # Mu=-7.496E+00eV kf=2.114E+00 Vint=-1.736E+01eV Rs_int= 1.715
# FMS rfms= 9.0000
# # PATH  Rmax=-1.000,  Keep_limit= 0.00, Heap_limit 0.00  Pwcrit= 2.50%
#  S02=0.950  Temp=   0.00  Debye_temp=   0.00  Global_sig2= 0.00000
#  Energy zero shift, vr, vi    0.00000E+00   0.00000E+00
#  Curved wave amplitude ratio filter   4.000%
#     file         sig2 tot  cw amp ratio   deg  nlegs   reff  inp sig2
#     0/   0 paths used
#  xsedge+ 50, used to normalize mu           2.4533E-04
#  -----------------------------------------------------------------------
#  omega    e    k    mu    mu0     chi     @#
    8984.479    -11.306  -1.000  4.29057E-02  5.72836E-02 -1.43779E-02
    8984.777    -11.007  -0.960  4.56383E-02  6.15551E-02 -1.59168E-02
    8985.064    -10.721  -0.920  4.86767E-02  6.63114E-02 -1.76347E-02
    8985.338    -10.447  -0.880  5.20728E-02  7.16247E-02 -1.95519E-02
    8985.600    -10.185  -0.840  5.58886E-02  7.75790E-02 -2.16904E-02
    8985.850     -9.935  -0.800  6.01985E-02  8.42722E-02 -2.40737E-02
    8986.088     -9.697  -0.760  6.50898E-02  9.18162E-02 -2.67264E-02
    8986.314     -9.471  -0.720  7.06645E-02  1.00338E-01 -2.96734E-02
    8986.527     -9.258  -0.680  7.70380E-02  1.09977E-01 -3.29393E-02
    8986.728     -9.057  -0.640  8.43359E-02  1.20882E-01 -3.65462E-02
    8986.917     -8.868  -0.600  9.26857E-02  1.33198E-01 -4.05120E-02
    8987.094     -8.691  -0.560  1.02202E-01  1.47048E-01 -4.48468E-02
    8987.259     -8.526  -0.520  1.12960E-01  1.62509E-01 -4.95487E-02
    8987.411     -8.374  -0.480  1.24966E-01  1.79565E-01 -5.45993E-02
    8987.551     -8.234  -0.440  1.38108E-01  1.98065E-01 -5.99575E-02
    8987.679     -8.106  -0.400  1.52130E-01  2.17686E-01 -6.55558E-02
    8987.795     -7.990  -0.360  1.66617E-01  2.37916E-01 -7.12987E-02
    8987.899     -7.886  -0.320  1.81028E-01  2.58092E-01 -7.70649E-02
    8987.990     -7.795  -0.280  1.94766E-01  2.77479E-01 -8.27128E-02
    8988.069     -7.716  -0.240  2.07280E-01  2.95368E-01 -8.80878E-02
    8988.136     -7.649  -0.200  2.18143E-01  3.11171E-01 -9.30279E-02
    8988.191     -7.594  -0.160  2.27087E-01  3.24457E-01 -9.73697E-02
    8988.234     -7.551  -0.120  2.33997E-01  3.34953E-01 -1.00956E-01
    8988.264     -7.521  -0.080  2.38863E-01  3.42512E-01 -1.03649E-01
    8988.289     -7.496   0.000  2.42655E-01  3.48582E-01 -1.05927E-01
    8988.344     -7.441   0.120  2.50925E-01  3.62266E-01 -1.11340E-01
    8988.386     -7.399   0.160  2.57171E-01  3.72871E-01 -1.15700E-01
    8988.441     -7.344   0.200  2.64792E-01  3.86430E-01 -1.21637E-01
    8988.508     -7.277   0.240  2.73245E-01  4.02684E-01 -1.29439E-01
    8988.587     -7.198   0.280  2.81838E-01  4.21331E-01 -1.39494E-01
    8988.679     -7.106   0.320  2.89576E-01  4.41854E-01 -1.52277E-01
    8988.783     -7.002   0.360  2.95343E-01  4.63616E-01 -1.68274E-01
    8988.898     -6.887   0.400  2.98161E-01  4.85984E-01 -1.87823E-01
    8989.026     -6.759   0.440  2.97481E-01  5.08320E-01 -2.10839E-01
    8989.167     -6.618   0.480  2.93594E-01  5.30164E-01 -2.36570E-01
    8989.319     -6.466   0.520  2.87652E-01  5.51223E-01 -2.63571E-01
    8989.484     -6.301   0.560  2.81327E-01  5.71319E-01 -2.89993E-01
    8989.660     -6.125   0.600  2.76258E-01  5.90460E-01 -3.14202E-01
    8989.849     -5.936   0.640  2.73519E-01  6.08668E-01 -3.35149E-01
    8990.050     -5.734   0.680  2.73559E-01  6.26073E-01 -3.52514E-01
    8990.264     -5.521   0.720  2.76275E-01  6.42737E-01 -3.66462E-01
    8990.489     -5.296   0.760  2.81212E-01  6.58782E-01 -3.77570E-01
    8990.727     -5.058   0.800  2.87452E-01  6.74322E-01 -3.86870E-01
    8990.977     -4.808   0.840  2.93612E-01  6.89392E-01 -3.95780E-01
    8991.239     -4.546   0.880  2.98861E-01  7.04096E-01 -4.05236E-01
    8991.514     -4.271   0.920  3.04025E-01  7.18484E-01 -4.14459E-01
    8991.800     -3.985   0.960  3.11329E-01  7.32546E-01 -4.21217E-01
    8992.099     -3.686   1.000  3.23209E-01  7.46346E-01 -4.23137E-01
    8992.410     -3.375   1.040  3.40340E-01  7.59898E-01 -4.19558E-01
    8992.733     -3.052   1.080  3.60316E-01  7.73166E-01 -4.12850E-01
    8993.068     -2.717   1.120  3.81347E-01  7.86186E-01 -4.04839E-01
    8993.415     -2.369   1.160  4.06990E-01  7.98931E-01 -3.91940E-01
    8993.775     -2.010   1.200  4.39487E-01  8.11408E-01 -3.71921E-01
    8994.147     -1.638   1.240  4.70345E-01  8.23582E-01 -3.53237E-01
    8994.531     -1.254   1.280  4.91694E-01  8.35435E-01 -3.43741E-01
    8994.927     -0.858   1.320  5.09737E-01  8.46965E-01 -3.37228E-01
    8995.336     -0.449   1.360  5.36052E-01  8.58171E-01 -3.22119E-01
    8995.756     -0.029   1.400  5.78070E-01  8.68991E-01 -2.90921E-01
    8996.189      0.404   1.440  6.38530E-01  8.79440E-01 -2.40910E-01
    8996.634      0.849   1.480  7.17700E-01  8.89496E-01 -1.71796E-01
    8997.091      1.306   1.520  8.16859E-01  8.99137E-01 -8.22779E-02
    8997.561      1.776   1.560  9.34122E-01  9.08379E-01  2.57426E-02
    8998.042      2.257   1.600  1.05847E+00  9.17180E-01  1.41289E-01
    8998.536      2.751   1.640  1.18102E+00  9.25540E-01  2.55479E-01
    8999.042      3.257   1.680  1.30788E+00  9.33479E-01  3.74400E-01
    8999.560      3.775   1.720  1.44615E+00  9.40955E-01  5.05190E-01
    9000.091      4.306   1.760  1.55846E+00  9.48011E-01  6.10447E-01
    9000.633      4.848   1.800  1.58376E+00  9.54607E-01  6.29156E-01
    9001.188      5.403   1.840  1.55021E+00  9.60768E-01  5.89445E-01
    9001.755      5.970   1.880  1.51599E+00  9.66477E-01  5.49510E-01
    9002.334      6.549   1.920  1.48078E+00  9.71778E-01  5.08998E-01
    9002.925      7.140   1.960  1.42437E+00  9.76658E-01  4.47709E-01
    9003.529      7.744   2.000  1.36754E+00  9.81122E-01  3.86421E-01
    9004.144      8.359   2.040  1.33781E+00  9.85197E-01  3.52611E-01
    9004.772      8.987   2.080  1.32061E+00  9.88891E-01  3.31715E-01
    9005.412      9.627   2.120  1.28029E+00  9.92211E-01  2.88076E-01
    9006.065     10.280   2.160  1.21210E+00  9.95185E-01  2.16913E-01
    9006.729     10.944   2.200  1.12910E+00  9.97801E-01  1.31297E-01
    9007.406     11.621   2.240  1.04073E+00  1.00011E+00  4.06211E-02
    9008.095     12.310   2.280  9.56782E-01  1.00212E+00 -4.53365E-02
    9008.796     13.011   2.320  8.92428E-01  1.00384E+00 -1.11407E-01
    9009.509     13.724   2.360  8.61113E-01  1.00527E+00 -1.44159E-01
    9010.234     14.449   2.400  8.69940E-01  1.00648E+00 -1.36536E-01
    9010.972     15.187   2.440  9.17459E-01  1.00742E+00 -8.99561E-02
    9011.722     15.937   2.480  9.91788E-01  1.00816E+00 -1.63730E-02
    9012.484     16.699   2.520  1.06435E+00  1.00868E+00  5.56727E-02
    9013.258     17.473   2.560  1.10174E+00  1.00904E+00  9.26976E-02
    9014.044     18.259   2.600  1.10818E+00  1.00922E+00  9.89637E-02
    9014.843     19.058   2.640  1.10170E+00  1.00923E+00  9.24648E-02
    9015.654     19.869   2.680  1.08936E+00  1.00913E+00  8.02269E-02
    9016.477     20.692   2.720  1.07362E+00  1.00889E+00  6.47360E-02
    9017.312     21.527   2.760  1.05594E+00  1.00854E+00  4.73922E-02
    9018.159     22.374   2.800  1.03677E+00  1.00809E+00  2.86794E-02
    9019.019     23.234   2.840  1.01580E+00  1.00757E+00  8.22884E-03
    9019.890     24.105   2.880  9.92715E-01  1.00698E+00 -1.42631E-02
    9020.774     24.989   2.920  9.67945E-01  1.00631E+00 -3.83672E-02
    9021.670     25.885   2.960  9.43053E-01  1.00562E+00 -6.25678E-02
    9022.579     26.794   3.000  9.20193E-01  1.00489E+00 -8.46966E-02
    9023.499     27.714   3.040  9.00787E-01  1.00412E+00 -1.03333E-01
    9024.432     28.647   3.080  8.84870E-01  1.00332E+00 -1.18449E-01
    9025.377     29.592   3.120  8.71565E-01  1.00253E+00 -1.30968E-01
    9026.334     30.549   3.160  8.59676E-01  1.00172E+00 -1.42046E-01
    9027.303     31.518   3.200  8.49067E-01  1.00091E+00 -1.51846E-01
    9028.284     32.499   3.240  8.40716E-01  1.00013E+00 -1.59415E-01
    9029.278     33.493   3.280  8.35797E-01  9.99377E-01 -1.63579E-01
    9030.284     34.499   3.320  8.35128E-01  9.98634E-01 -1.63505E-01
    9031.302     35.517   3.360  8.39054E-01  9.97924E-01 -1.58869E-01
    9032.332     36.547   3.400  8.47573E-01  9.97229E-01 -1.49655E-01
    9033.375     37.590   3.440  8.60234E-01  9.96594E-01 -1.36359E-01
    9034.429     38.644   3.480  8.76689E-01  9.95998E-01 -1.19309E-01
    9035.496     39.711   3.520  8.96340E-01  9.95444E-01 -9.91043E-02
    9036.575     40.790   3.560  9.18060E-01  9.94932E-01 -7.68715E-02
    9037.666     41.881   3.600  9.39998E-01  9.94462E-01 -5.44641E-02
    9038.769     42.985   3.640  9.59857E-01  9.94037E-01 -3.41795E-02
    9039.885     44.100   3.680  9.76101E-01  9.93678E-01 -1.75770E-02
    9041.013     45.228   3.720  9.88738E-01  9.93366E-01 -4.62877E-03
    9042.153     46.368   3.760  9.99371E-01  9.93123E-01  6.24843E-03
    9043.305     47.520   3.800  1.00975E+00  9.92927E-01  1.68200E-02
    9044.469     48.684   3.840  1.02075E+00  9.92776E-01  2.79783E-02
    9045.646     49.861   3.880  1.03241E+00  9.92692E-01  3.97177E-02
    9046.834     51.050   3.920  1.04422E+00  9.92654E-01  5.15634E-02
    9048.035     52.250   3.960  1.05573E+00  9.92659E-01  6.30706E-02
    9049.248     53.464   4.000  1.06645E+00  9.92709E-01  7.37402E-02
    9050.474     54.689   4.040  1.07551E+00  9.92825E-01  8.26877E-02
    9051.711     55.926   4.080  1.08149E+00  9.92986E-01  8.85084E-02
    9052.961     57.176   4.120  1.08289E+00  9.93190E-01  8.96999E-02
    9054.223     58.438   4.160  1.07914E+00  9.93434E-01  8.57101E-02
    9055.497     59.712   4.200  1.07092E+00  9.93741E-01  7.71821E-02
    9056.783     60.998   4.240  1.05977E+00  9.94066E-01  6.56998E-02
    9058.082     62.297   4.280  1.04777E+00  9.94428E-01  5.33383E-02
    9059.392     63.607   4.320  1.03689E+00  9.94826E-01  4.20639E-02
    9060.715     64.930   4.360  1.02842E+00  9.95259E-01  3.31605E-02
    9062.050     66.265   4.400  1.02264E+00  9.95704E-01  2.69374E-02
    9063.397     67.612   4.440  1.01934E+00  9.96182E-01  2.31547E-02
    9064.757     68.972   4.480  1.01815E+00  9.96690E-01  2.14575E-02
    9066.128     70.343   4.520  1.01910E+00  9.97207E-01  2.18982E-02
    9067.512     71.727   4.560  1.02267E+00  9.97728E-01  2.49401E-02
    9068.908     73.123   4.600  1.02922E+00  9.98275E-01  3.09428E-02
    9070.316     74.531   4.640  1.03842E+00  9.98802E-01  3.96161E-02
    9071.737     75.952   4.680  1.04894E+00  9.99352E-01  4.95913E-02
    9073.169     77.384   4.720  1.05843E+00  9.99904E-01  5.85307E-02
    9074.614     78.829   4.760  1.06419E+00  1.00046E+00  6.37387E-02
    9076.071     80.286   4.800  1.06395E+00  1.00100E+00  6.29446E-02
    9077.540     81.755   4.840  1.05663E+00  1.00155E+00  5.50835E-02
    9079.021     83.236   4.880  1.04305E+00  1.00206E+00  4.09867E-02
    9080.515     84.730   4.920  1.02586E+00  1.00257E+00  2.32899E-02
    9082.020     86.235   4.960  1.00847E+00  1.00307E+00  5.39631E-03
    9083.538     87.753   5.000  9.93814E-01  1.00353E+00 -9.72034E-03
    9085.068     89.283   5.040  9.83636E-01  1.00397E+00 -2.03298E-02
    9086.611     90.826   5.080  9.78307E-01  1.00439E+00 -2.60776E-02
    9088.165     92.380   5.120  9.77059E-01  1.00477E+00 -2.77112E-02
    9089.732     93.947   5.160  9.78408E-01  1.00514E+00 -2.67324E-02
    9091.311     95.526   5.200  9.80445E-01  1.00545E+00 -2.50057E-02
    9092.902     97.117   5.240  9.81315E-01  1.00574E+00 -2.44289E-02
    9094.505     98.720   5.280  9.79488E-01  1.00600E+00 -2.65105E-02
    9096.120    100.335   5.320  9.74218E-01  1.00621E+00 -3.19961E-02
    9097.748    101.963   5.360  9.65774E-01  1.00639E+00 -4.06142E-02
    9099.388    103.603   5.400  9.55308E-01  1.00652E+00 -5.12137E-02
    9101.040    105.255   5.440  9.44517E-01  1.00661E+00 -6.20979E-02
    9102.704    106.919   5.480  9.35235E-01  1.00666E+00 -7.14292E-02
    9104.380    108.596   5.520  9.29046E-01  1.00667E+00 -7.76286E-02
    9106.069    110.284   5.560  9.26898E-01  1.00664E+00 -7.97459E-02
    9107.770    111.985   5.600  9.29038E-01  1.00657E+00 -7.75326E-02
    9109.483    113.698   5.640  9.35008E-01  1.00646E+00 -7.14478E-02
    9111.208    115.423   5.680  9.43796E-01  1.00630E+00 -6.25019E-02
    9112.945    117.160   5.720  9.54074E-01  1.00608E+00 -5.20015E-02
    9114.695    118.910   5.760  9.64656E-01  1.00584E+00 -4.11824E-02
    9116.457    120.672   5.800  9.74490E-01  1.00556E+00 -3.10734E-02
    9118.231    122.446   5.840  9.83012E-01  1.00525E+00 -2.22394E-02
    9120.017    124.232   5.880  9.90397E-01  1.00490E+00 -1.45051E-02
    9121.815    126.030   5.920  9.97485E-01  1.00452E+00 -7.03254E-03
    9123.625    127.841   5.960  1.00525E+00  1.00410E+00  1.15053E-03
    9125.448    129.663   6.000  1.01430E+00  1.00365E+00  1.06494E-02
